2.87126e+09
5.3534e+09
5.73299e+09
4.0856e+09
4.1755e+09
5.61232e+09
6.18463e+09
6.73614e+09
6.66797e+09
3.36174e+09
6.24451e+09
6.959e+09
7.31472e+09
7.77632e+09
4.14267e+09
7.24379e+09
6.86449e+09
6.91161e+09
7.00829e+09
5.8775e+09
5.26414e+09
6.17035e+09
6.24857e+09
6.34677e+09
6.11842e+09
6.69957e+09
7.40228e+09
5.322e+09
4.54541e+09
4.56065e+09
0
5.44782e+09
7.22644e+09
2.29766e+10
2.71614e+10
2.52308e+10
1.10691e+10
2.20319e+10
2.84855e+10
1.67811e+10
9.53738e+09
6.79109e+09
3.77951e+09
7.6361e+09
6.94625e+09
0
5.35799e+09
6.07247e+09
6.43468e+09
6.05199e+09
6.07473e+09
6.70926e+09
1.01075e+10
7.16577e+09
6.06009e+09
6.93512e+09
1.04476e+10
1.53614e+10
1.4925e+10
4.45182e+09
5.40916e+09
7.31796e+09
7.56504e+09
7.42989e+09
8.13269e+09
6.98175e+09
6.82694e+09
6.46652e+09
7.09563e+09
6.45775e+09
6.31368e+09
6.03623e+09
5.71762e+09
5.74607e+09
5.73014e+09
7.70207e+09
6.22983e+09
6.27822e+09
5.76083e+09
6.7028e+09
7.84879e+09
8.13054e+09
8.35839e+09
7.41371e+09
7.06517e+09
7.59721e+09
8.37095e+09
5.26632e+09
0
5.51332e+09
6.57343e+09
7.29218e+09
3.33857e+09
7.88616e+09
7.6042e+09
6.18669e+09
5.85937e+09
5.61076e+09
5.65077e+09
6.56262e+09
7.24578e+09
7.62311e+09
7.4901e+09
6.45294e+09
7.58126e+09
5.11146e+09
4.74252e+09
1.33898e+10
2.56198e+10
2.83007e+10
3.83896e+10
3.41817e+10
4.08611e+10
2.78356e+10
2.54619e+10
3.36325e+10
2.52732e+10
2.34373e+10
1.77784e+10
2.43571e+10
2.59229e+10
1.9137e+10
2.09131e+10
3.52676e+10
3.15253e+10
2.54905e+10
2.93585e+10
1.79079e+10
2.9468e+10
2.9615e+10
3.75673e+10
2.71723e+10
2.73192e+10
2.33363e+10
4.34913e+10
9.60031e+10
4.47781e+10
3.14141e+10
4.31719e+10
3.55972e+10
2.75388e+10
3.39284e+10
2.53019e+10
3.3245e+10
2.35924e+10
3.06635e+10
2.9437e+10
2.88197e+10
2.44702e+10
2.69863e+10
3.54109e+10
1.67667e+10
1.84859e+10
2.60059e+10
2.29762e+10
1.7256e+10
2.66666e+10
2.94e+10
3.59702e+10
3.30512e+10
3.52371e+10
2.47195e+10
2.23525e+10
1.99285e+10
2.06695e+10
1.38888e+10
2.30597e+10
2.12186e+10
7.97922e+09
4.85457e+06
